0,000000 0,070000 0,190000 0,300000 0,380000 0,530000 0,570000 0,760000 0,760000 0,990000 0,415000 0,995000 0,070000 1,000000 0,302500 0,832500 0,535000 0,665000 1,000000 0,330000
0,000000 0,481481 0,233796 0,608796 0,467593 0,736111 0,701389 0,863426 0,935185 0,990741 0,611111 0,995370 0,287037 1,000000 0,481482 0,703704 0,740741 0,523148 1,000000 0,342592
0,000000 0,153846 0,250000 0,348558 0,500000 0,543269 0,750000 0,737981 1,000000 0,932692 0,692308 0,966346 0,384615 1,000000 0,567308 0,576923 0,769231 0,350962 0,971154 0,125000
0,000000 0,254546 0,250000 0,377273 0,500000 0,500000 0,750000 0,622727 1,000000 0,745455 0,854546 0,872727 0,709091 1,000000 0,627273 0,781818 0,754545 0,481818 0,881818 0,181818
0,040650 0,398374 0,280488 0,524390 0,520325 0,650407 0,760163 0,776423 1,000000 0,902439 0,750000 0,926829 0,500000 0,951220 0,000000 1,000000 0,345528 0,695122 0,691057 0,390244
0,000000 0,227642 0,250000 0,361788 0,500000 0,495935 0,750000 0,630081 1,000000 0,764228 0,552846 0,882114 0,105691 1,000000 0,369919 0,548780 0,502033 0,323171 0,634146 0,097561
0,000000 0,561539 0,407692 0,623077 0,703846 0,753846 1,000000 0,884616 0,680769 0,942308 0,361538 1,000000 0,500000 0,815385 0,638462 0,630769 0,776923 0,446154 0,915385 0,261539
0,000000 0,500000 0,250000 0,599576 0,500000 0,699153 0,750000 0,798729 1,000000 0,898305 0,775424 0,949153 0,550847 1,000000 0,466102 0,974576 0,631356 0,711864 0,796610 0,449152
0,000000 0,663461 0,437500 0,735577 0,656250 0,771635 0,875000 0,807692 1,000000 0,846154 0,894231 0,932692 0,586538 1,000000 0,586538 0,894231 0,764423 0,533654 0,942308 0,173077
0,425532 0,000000 0,545213 0,228723 0,664894 0,457447 0,784575 0,686170 0,904255 0,914894 0,478724 1,000000 0,609043 0,765957 0,739362 0,531915 0,869681 0,297873 1,000000 0,063830
0,183333 0,058333 0,385417 0,289583 0,587500 0,520833 0,991667 0,983333 0,629167 0,991667 0,266667 1,000000 0,450000 0,750000 0,633333 0,500000 0,816667 0,250000 1,000000 0,000000
0,000000 0,375000 0,250000 0,531250 0,500000 0,687500 0,750000 0,843750 1,000000 1,000000 0,605769 0,971154 0,704327 0,790865 0,802885 0,610577 0,901442 0,430288 1,000000 0,250000
0,000000 0,320611 0,250000 0,467557 0,500000 0,614504 0,750000 0,761450 1,000000 0,908397 0,561069 0,954199 0,122137 1,000000 0,374046 0,526718 0,500000 0,290076 0,625954 0,053435
0,000000 0,230303 0,237879 0,396970 0,475758 0,563636 0,713636 0,730303 0,951515 0,896970 0,672727 0,948485 0,393939 1,000000 0,545455 0,800000 0,696970 0,600000 1,000000 0,200000
0,000000 0,370629 0,370629 0,468531 0,685315 0,671329 1,000000 0,874126 0,688811 0,937063 0,377622 1,000000 0,454546 0,790210 0,531469 0,580420 0,608392 0,370629 0,685315 0,160839
0,000000 0,370370 0,250000 0,432870 0,500000 0,495370 0,750000 0,557870 1,000000 0,620370 0,847222 0,810185 0,694445 1,000000 0,625000 0,731481 0,555556 0,462963 0,916667 0,148148
0,277778 0,000000 0,370370 0,250000 0,462963 0,500000 0,555556 0,750000 0,648148 1,000000 0,351852 0,990741 0,513889 0,763889 0,675926 0,537037 0,837963 0,310185 1,000000 0,083333
0,205357 0,169643 0,361607 0,350447 0,517857 0,531250 0,830357 0,892857 0,553572 1,000000 0,455357 1,000000 0,591518 0,750000 0,727679 0,500000 0,863839 0,250000 1,000000 0,000000
0,000000 0,168142 0,241150 0,376106 0,482301 0,584071 0,723451 0,792036 0,964602 1,000000 0,703540 0,946903 0,442478 0,893805 0,581858 0,683628 0,721239 0,473451 1,000000 0,053097
0,000000 0,361702 0,205674 0,496454 0,411348 0,631206 0,578014 0,815603 0,744681 1,000000 0,425532 0,992908 0,569149 0,813830 0,712766 0,634752 0,856383 0,455674 1,000000 0,276596
0,162602 0,065041 0,581301 0,439024 1,000000 0,813008 0,719512 0,906504 0,439024 1,000000 0,333333 0,991870 0,477642 0,743902 0,621951 0,495935 0,766260 0,247968 0,910569 0,000000
0,000000 0,384058 0,250000 0,527174 0,500000 0,670290 0,750000 0,813406 1,000000 0,956522 0,746377 1,000000 0,528986 1,000000 0,528986 0,920290 0,695652 0,634058 0,862319 0,347826
0,000000 0,039216 0,500000 0,446078 0,750000 0,649510 1,000000 0,852941 0,534314 0,926471 0,068627 1,000000 0,299020 0,767157 0,529412 0,534314 0,759804 0,301470 0,990196 0,068627
0,029412 0,098039 0,272059 0,306373 0,514706 0,514706 0,757353 0,723039 1,000000 0,931373 0,549020 0,965686 0,098039 1,000000 0,000000 0,960784 0,446078 0,558824 0,892157 0,156863
1,000000 0,138686 0,799270 0,282847 0,598540 0,427007 0,197080 0,715328 0,510949 0,857664 0,824818 1,000000 0,680657 0,750000 0,536497 0,500000 0,392336 0,250000 0,248175 0,000000
0,741667 0,066667 0,664583 0,295833 0,587500 0,525000 0,433333 0,983333 0,716667 0,991667 1,000000 1,000000 0,816667 0,666667 0,633333 0,333333 0,416667 0,166667 0,200000 0,000000
0,745902 0,000000 0,524590 0,213115 0,303279 0,426229 0,065574 0,827869 0,532787 0,913935 1,000000 1,000000 0,737705 0,659836 0,475410 0,319672 0,262295 0,168033 0,049180 0,016393
0,733945 0,513761 0,463303 0,743119 0,192661 0,972477 0,394495 0,979358 0,596330 0,986239 1,000000 1,000000 0,750000 0,846330 0,500000 0,692661 0,250000 0,538991 0,000000 0,385321
0,725664 0,539823 0,446903 0,752212 0,168142 0,964602 0,376106 0,973451 0,584071 0,982301 1,000000 1,000000 0,750000 0,820796 0,500000 0,641593 0,250000 0,462389 0,000000 0,283186
0,000000 0,383928 0,401786 0,508929 0,803572 0,633929 1,000000 0,821429 0,937500 0,982143 0,562500 0,991071 0,187500 1,000000 0,357143 0,787946 0,526786 0,575893 0,866071 0,151786
0,364341 0,418605 0,604651 0,569767 0,844961 0,720930 0,844961 0,937985 0,589147 0,968992 0,333333 1,000000 0,500000 0,750000 0,666667 0,500000 0,833333 0,250000 1,000000 0,000000
0,358779 0,206107 0,519084 0,404580 0,679389 0,603054 0,839695 0,801527 1,000000 1,000000 0,564886 0,984733 0,351145 0,832061 0,458015 0,587786 0,564886 0,343511 0,923664 0,000000
0,093750 0,281250 0,625000 0,395833 0,812500 0,697917 1,000000 1,000000 0,541667 0,963542 0,083333 0,927083 0,252604 0,695312 0,421875 0,463542 0,591146 0,231771 0,760417 0,000000
0,008621 0,129310 0,250000 0,301724 0,491379 0,474138 0,676724 0,737069 0,862069 1,000000 0,568966 0,991379 0,405173 0,827586 0,553879 0,620690 0,702586 0,413793 1,000000 0,000000
0,296000 0,448000 0,540000 0,564000 0,784000 0,680000 0,944000 0,960000 0,608000 1,000000 0,152000 0,776000 0,364000 0,582000 0,576000 0,388000 0,788000 0,194000 1,000000 0,000000
0,000000 0,252525 0,250000 0,419192 0,500000 0,585859 0,750000 0,752525 1,000000 0,919192 0,636364 1,000000 0,272727 0,939394 0,431818 0,734849 0,590909 0,530303 0,909091 0,121212
0,390411 0,458904 0,537671 0,582192 0,684932 0,705480 0,787671 1,000000 0,558219 0,958904 0,328767 0,917808 0,496576 0,688356 0,664384 0,458904 0,832192 0,229452 1,000000 0,000000
0,195489 0,187970 0,496241 0,278196 0,834587 0,601504 1,000000 0,864662 0,842105 1,000000 0,451128 0,992481 0,421053 0,887218 0,695489 0,443609 0,832707 0,221805 0,969925 0,000000
0,134752 0,099291 0,312057 0,170213 0,656028 0,500000 1,000000 0,829787 0,971631 0,936170 0,794326 1,000000 0,496454 0,992908 0,453901 0,886525 0,656028 0,443263 0,858156 0,000000
0,335878 0,190840 0,501909 0,332061 0,667939 0,473283 0,833970 0,614504 1,000000 0,755725 0,977099 1,000000 0,664122 0,854962 0,679389 0,572519 0,812977 0,286260 0,946565 0,000000
0,771186 0,033898 0,466102 0,296610 0,161017 0,559322 0,067797 0,949152 0,262712 1,000000 0,601695 0,974576 0,940678 0,949152 1,000000 0,745763 0,593220 0,279661 0,000000 0,000000
0,246154 0,230769 0,503846 0,469231 0,761538 0,707692 0,784615 0,961539 0,415385 1,000000 0,400000 0,853846 0,550000 0,640385 0,700000 0,426923 0,850000 0,213462 1,000000 0,000000
1,000000 0,017752 0,606509 0,269231 0,213018 0,520710 0,295858 0,792900 0,745562 1,000000 0,804734 0,994083 0,816568 0,822485 0,721893 0,573965 0,482249 0,286982 0,242604 0,000000
0,242647 0,308824 0,422794 0,411765 0,602941 0,514706 0,963235 0,720588 1,000000 0,889706 0,919118 1,000000 0,691177 1,000000 0,661765 0,720588 0,808824 0,360294 0,955882 0,000000
0,970149 0,000000 0,630597 0,126866 0,291045 0,253731 0,134328 0,485075 0,119403 0,723880 0,470149 0,925373 1,000000 1,000000 0,847015 0,667911 0,694030 0,335821 0,119403 0,007463
0,503185 0,420382 0,738854 0,563694 0,974522 0,707006 0,917198 0,923567 0,732484 1,000000 0,675159 0,687898 0,722930 0,506369 0,770701 0,324841 0,885350 0,162420 1,000000 0,000000
0,398551 0,043478 0,548913 0,222826 0,699275 0,402174 1,000000 0,760870 0,927536 0,927536 0,652174 1,000000 0,507246 0,985507 0,507246 0,797101 0,644928 0,398551 0,782609 0,000000
0,731092 0,218487 0,365546 0,487395 0,000000 0,756303 0,407563 0,878151 0,815126 1,000000 1,000000 1,000000 0,777311 0,785714 0,554622 0,571429 0,331933 0,357143 0,109244 0,142857
0,000000 0,609756 0,250000 0,707317 0,500000 0,804878 0,750000 0,902439 1,000000 1,000000 0,750000 0,996951 0,500000 0,993902 0,426829 0,969512 0,542683 0,814024 0,658537 0,658537
0,000000 0,368000 0,210000 0,518000 0,420000 0,668000 0,630000 0,818000 0,840000 0,968000 0,524000 0,984000 0,208000 1,000000 0,406000 0,854000 0,604000 0,708000 1,000000 0,416000
0,000000 0,633333 0,250000 0,725000 0,500000 0,816667 0,750000 0,908333 1,000000 1,000000 0,800000 0,950000 0,600000 0,900000 0,200000 0,800000 0,427778 0,616667 0,655556 0,433333
0,739130 0,586956 0,217391 0,789855 0,123188 0,869565 0,173913 0,985507 0,586957 0,992754 1,000000 1,000000 0,750000 0,871377 0,500000 0,742754 0,250000 0,614130 0,000000 0,485507
0,000000 0,216666 0,250000 0,354166 0,500000 0,491667 0,750000 0,629167 1,000000 0,766667 0,691667 0,883333 0,383333 1,000000 0,514583 0,810417 0,645833 0,620833 0,908334 0,241667
0,000000 0,455445 0,247525 0,586634 0,495050 0,717822 0,742574 0,849010 0,990099 0,980198 0,722772 0,990099 0,455446 1,000000 0,591584 0,856436 0,727723 0,712871 1,000000 0,425743
0,000000 0,341880 0,200855 0,506410 0,401709 0,670940 0,602564 0,835470 0,803419 1,000000 0,555556 1,000000 0,307692 1,000000 0,461539 0,811966 0,615385 0,623931 1,000000 0,393162
0,000000 0,333333 0,250000 0,493243 0,500000 0,653153 0,750000 0,813063 1,000000 0,972973 0,594595 0,986487 0,189189 1,000000 0,500000 0,639640 0,655406 0,459459 0,810811 0,279279
1,000000 0,393940 0,750000 0,474748 0,500000 0,555556 0,000000 0,717172 0,368687 0,858586 0,737374 1,000000 0,558081 0,767677 0,378788 0,535354 0,199495 0,303030 0,020202 0,070707
0,000000 0,418605 0,250000 0,563954 0,500000 0,709302 0,750000 0,854651 1,000000 1,000000 0,724806 0,980620 0,449612 0,961240 0,529070 0,833333 0,608527 0,705426 0,767442 0,449612
0,000000 0,346457 0,250000 0,488189 0,500000 0,629921 0,750000 0,771654 1,000000 0,913386 0,649606 0,956693 0,299213 1,000000 0,543307 0,724410 0,665354 0,586614 0,787401 0,448819
0,000000 0,324324 0,250000 0,490991 0,500000 0,657658 0,750000 0,824324 1,000000 0,990991 0,653153 0,995496 0,306306 1,000000 0,434685 0,779279 0,563063 0,558559 0,819820 0,117117
1,000000 0,200000 0,797368 0,334211 0,594737 0,468421 0,189474 0,736842 0,494737 0,868421 0,800000 1,000000 0,615790 0,750000 0,431579 0,500000 0,247369 0,250000 0,063158 0,000000
0,000000 0,485981 0,250000 0,607477 0,500000 0,728972 0,750000 0,850467 1,000000 0,971963 0,691589 0,985981 0,383178 1,000000 0,635514 0,668225 0,761682 0,502337 0,887851 0,336449
1,000000 0,000000 0,666667 0,500000 0,500000 0,750000 0,333333 1,000000 0,637931 0,971264 0,942529 0,942529 0,709770 0,712644 0,477012 0,482759 0,244253 0,252874 0,011494 0,022989
0,000000 0,235294 0,250000 0,415967 0,500000 0,596639 0,750000 0,777311 1,000000 0,957983 0,697479 1,000000 0,521008 0,941177 0,739496 0,571429 0,848739 0,386555 0,957983 0,201681
0,000000 0,295652 0,250000 0,471739 0,500000 0,647826 0,750000 0,823913 1,000000 1,000000 0,630435 0,982609 0,260870 0,965218 0,391304 0,793478 0,521739 0,621739 0,782609 0,278261
0,000000 0,333333 0,250000 0,474359 0,500000 0,615385 0,750000 0,756410 1,000000 0,897436 0,931624 0,957265 0,602564 0,978633 0,273504 1,000000 0,534188 0,551282 0,794872 0,102564
0,090000 0,200000 0,317500 0,400000 0,545000 0,600000 0,772500 0,800000 1,000000 1,000000 0,635000 0,980000 0,270000 0,960000 0,410000 0,680000 0,550000 0,400000 0,970000 0,000000
1,000000 0,159292 0,752212 0,307522 0,504425 0,455752 0,256637 0,603982 0,008850 0,752212 0,353982 0,876106 0,699115 1,000000 0,524336 0,787611 0,349558 0,575221 0,000000 0,150442
0,782178 0,009901 0,655941 0,215347 0,529703 0,420792 0,277228 0,831683 0,638614 0,915842 1,000000 1,000000 0,750000 0,772277 0,500000 0,544555 0,250000 0,316832 0,000000 0,089109
0,000000 0,298969 0,231959 0,466495 0,463918 0,634021 0,927835 0,969072 0,572165 0,984536 0,216495 1,000000 0,412371 0,788660 0,608248 0,577320 0,804124 0,365979 1,000000 0,154639
0,000000 0,364486 0,250000 0,523365 0,500000 0,682243 0,750000 0,841121 1,000000 1,000000 0,612150 0,990654 0,224299 0,981308 0,348131 0,768692 0,471963 0,556075 0,719626 0,130841
1,000000 0,041237 0,750000 0,239690 0,500000 0,438144 0,250000 0,636598 0,000000 0,835051 0,386598 0,917526 0,773196 1,000000 0,585052 0,773196 0,396907 0,546392 0,020619 0,092783
0,000000 0,226415 0,250000 0,410377 0,500000 0,594340 0,750000 0,778302 1,000000 0,962264 0,636792 0,981132 0,273585 1,000000 0,400943 0,853774 0,528302 0,707547 0,783019 0,415094
0,740385 0,346154 0,403846 0,572115 0,067308 0,798077 0,533654 0,899038 0,766827 0,949519 1,000000 1,000000 0,750000 0,764423 0,500000 0,528846 0,250000 0,293269 0,000000 0,057692
0,000000 0,240384 0,223558 0,430288 0,447116 0,620192 0,894231 1,000000 0,557692 0,995192 0,221154 0,990384 0,415865 0,762019 0,610577 0,533654 0,805289 0,305289 1,000000 0,076923
0,144231 0,144231 0,338943 0,266827 0,533654 0,389423 0,923077 0,634615 1,000000 0,894231 0,855769 1,000000 0,673077 0,942308 0,673077 0,644231 0,793269 0,322115 0,913462 0,000000
0,925620 0,066116 0,628099 0,289256 0,330579 0,512397 0,421488 0,801653 0,851240 1,000000 1,000000 1,000000 0,991736 0,876033 0,838843 0,657025 0,685951 0,438016 0,380165 0,000000
0,088235 0,068628 0,311275 0,272059 0,534314 0,475490 0,757353 0,678921 0,980392 0,882353 0,774510 1,000000 0,500000 0,980392 0,450981 0,843137 0,725490 0,421569 1,000000 0,000000
0,000000 0,217822 0,475248 0,519802 0,950495 0,821782 1,000000 0,930693 0,851485 1,000000 0,554455 0,980198 0,257426 0,960396 0,326733 0,623762 0,519802 0,346535 0,712871 0,069307
0,929293 0,222222 0,636364 0,424243 0,343434 0,626263 0,616162 0,813132 0,888889 1,000000 1,000000 0,909091 0,853535 0,636364 0,707071 0,363636 0,454546 0,181818 0,202020 0,000000
0,131313 0,070707 0,310606 0,169192 0,489899 0,267677 0,848485 0,464647 0,808081 0,777778 0,535354 1,000000 0,434344 0,939394 0,505051 0,555556 0,752525 0,277778 1,000000 0,000000
0,000000 0,098039 0,313726 0,284314 0,627451 0,470588 0,813726 0,735294 1,000000 1,000000 0,700981 0,916667 0,401961 0,833334 0,578431 0,446079 0,666667 0,252451 0,754902 0,058824
0,000000 0,125000 0,406250 0,416667 0,609375 0,562500 0,812500 0,708333 0,906250 0,958333 0,802083 1,000000 0,541667 0,906250 0,531250 0,697917 0,765625 0,348958 1,000000 0,000000
0,216216 0,243243 0,563063 0,477477 0,909910 0,711712 1,000000 1,000000 0,774775 0,896396 0,549550 0,792793 0,641892 0,594595 0,734234 0,396396 0,826577 0,198198 0,918919 0,000000
0,826923 0,009615 0,673077 0,000000 0,307692 0,317308 0,057692 0,894231 0,528846 0,947116 1,000000 1,000000 0,757212 0,764423 0,514423 0,528846 0,271635 0,293269 0,028846 0,057692
0,090000 0,150000 0,365000 0,575000 0,502500 0,787500 0,640000 1,000000 0,370000 1,000000 0,360000 0,860000 0,520000 0,645000 0,680000 0,430000 0,840000 0,215000 1,000000 0,000000
0,955128 0,621795 0,769231 0,371795 0,583333 0,121795 0,307692 0,403846 0,301282 0,583333 0,650641 0,791667 1,000000 1,000000 0,833333 0,807692 0,897436 0,339744 0,538462 0,000000
0,282609 0,097826 0,603261 0,413044 0,763587 0,570652 0,923913 0,728261 0,913044 1,000000 0,500000 0,847826 0,625000 0,635870 0,750000 0,423913 0,875000 0,211957 1,000000 0,000000
1,000000 0,000000 0,836735 0,211735 0,673469 0,423470 0,510204 0,635204 0,346939 0,846939 0,714286 1,000000 0,573980 0,783163 0,433674 0,566326 0,293367 0,349490 0,153061 0,132653
0,000000 0,131313 0,244950 0,315657 0,489899 0,500000 0,734849 0,684344 0,979798 0,868687 1,000000 1,000000 0,606061 0,919192 0,681818 0,717172 0,757576 0,515152 0,909091 0,111111
0,000000 0,465346 0,250000 0,586633 0,375000 0,647277 0,500000 0,707921 0,750000 0,829208 1,000000 0,950495 0,742574 0,975248 0,485149 1,000000 0,579208 0,752475 0,673268 0,504950
0,000000 0,102041 0,250000 0,326531 0,500000 0,551020 0,750000 0,775510 1,000000 1,000000 0,627551 0,969388 0,255102 0,938775 0,561225 0,494898 0,714286 0,272959 0,867347 0,051020
0,739130 0,417391 0,560870 0,678261 0,382609 0,939130 0,691304 0,969565 1,000000 1,000000 0,750000 0,800000 0,625000 0,700000 0,500000 0,600000 0,250000 0,400000 0,000000 0,200000
0,000000 0,444444 0,250000 0,563131 0,500000 0,681818 0,750000 0,800505 1,000000 0,919192 0,787879 1,000000 0,545455 0,858586 0,608586 0,727273 0,671717 0,595959 0,797980 0,333333
0,457143 0,028571 0,650000 0,314286 0,842857 0,600000 0,814286 0,800000 0,785714 1,000000 0,585714 0,900000 0,385714 0,800000 0,357143 0,485715 0,678572 0,242857 1,000000 0,000000
0,214286 0,119048 0,410714 0,267857 0,607143 0,416667 0,803572 0,565476 1,000000 0,714286 0,726191 1,000000 0,488095 1,000000 0,488095 0,738095 0,648810 0,369048 0,809524 0,000000
0,281250 0,135417 0,450521 0,270833 0,619792 0,406250 0,789063 0,541667 0,958333 0,677083 0,958333 1,000000 0,645833 0,927083 0,625000 0,656250 0,812500 0,328125 1,000000 0,000000
0,275591 0,236220 0,622047 0,452756 0,968504 0,669291 0,976378 0,858268 0,803150 1,000000 0,582677 0,921260 0,574803 0,748031 0,787402 0,374016 0,893701 0,187008 1,000000 0,000000
0,000000 0,373984 0,221545 0,530488 0,443089 0,686992 0,664634 0,843496 0,886179 1,000000 0,634146 0,939024 0,382114 0,878049 0,536585 0,737805 0,691057 0,597561 1,000000 0,317073
0,184000 0,184000 0,524000 0,472000 0,694000 0,616000 0,864000 0,760000 1,000000 1,000000 0,584000 0,928000 0,680000 0,696000 0,776000 0,464000 0,872000 0,232000 0,968000 0,000000
0,820755 0,075472 0,518868 0,259434 0,216981 0,443396 0,075472 0,735849 0,537736 0,867925 1,000000 1,000000 0,764151 0,750000 0,528302 0,500000 0,292453 0,250000 0,056604 0,000000
0,218750 0,166667 0,414062 0,375000 0,609375 0,583333 0,804688 0,791667 1,000000 1,000000 0,718750 0,880208 0,437500 0,760417 0,572917 0,570313 0,708333 0,380208 0,979167 0,000000
0,000000 0,188119 0,250000 0,361386 0,500000 0,534653 0,750000 0,707921 1,000000 0,881188 0,717822 0,940594 0,435644 1,000000 0,500000 0,789604 0,564356 0,579208 0,693069 0,158416
0,575221 0,106195 0,592920 0,345133 0,393805 0,632743 0,194690 0,920354 0,597345 0,960177 1,000000 1,000000 0,750000 0,789823 0,500000 0,579646 0,250000 0,369469 0,000000 0,159292
0,118182 0,136364 0,463636 0,381818 0,809091 0,627273 1,000000 0,881818 0,854545 1,000000 0,672727 0,927273 0,754546 0,695455 0,836364 0,463636 0,918182 0,231818 1,000000 0,000000
0,000000 0,205882 0,465686 0,475490 0,931373 0,745098 1,000000 0,931373 0,911765 0,960784 0,602941 0,980392 0,294118 1,000000 0,558824 0,519608 0,691177 0,279412 0,823530 0,039216
0,000000 0,211865 0,250000 0,408898 0,500000 0,605932 0,750000 0,802966 1,000000 1,000000 0,627119 0,957627 0,673729 0,762712 0,720339 0,567797 0,766949 0,372882 0,813559 0,177966
1,000000 0,149533 0,866822 0,350467 0,733645 0,551402 0,467290 0,953271 0,733645 0,976636 1,000000 1,000000 0,796729 0,750000 0,593458 0,500000 0,390187 0,250000 0,186916 0,000000
0,000000 0,355556 0,250000 0,477778 0,500000 0,600000 0,750000 0,722223 1,000000 0,844445 0,777778 0,955556 0,455556 1,000000 0,525000 0,786111 0,594445 0,572222 0,733333 0,144444
0,488550 0,358778 0,259542 0,576336 0,030534 0,793893 0,515267 0,896947 0,757634 0,948473 1,000000 1,000000 0,750000 0,845420 0,500000 0,690840 0,250000 0,536260 0,000000 0,381679
0,000000 0,284483 0,241379 0,463362 0,482759 0,642241 0,724138 0,821121 0,965517 1,000000 0,724138 0,948276 0,482759 0,896552 0,741379 0,543103 0,870690 0,366379 1,000000 0,189655
0,000000 0,217949 0,250000 0,413462 0,500000 0,608974 0,750000 0,804487 1,000000 1,000000 0,583333 0,955128 0,166667 0,910257 0,487180 0,500000 0,647436 0,294872 0,807692 0,089744
0,666667 0,355556 0,366667 0,483333 0,066667 0,611111 0,533333 0,805556 0,766667 0,902778 1,000000 1,000000 0,813889 0,750000 0,627778 0,500000 0,441667 0,250000 0,255556 0,000000
0,000000 0,337079 0,250000 0,477528 0,500000 0,617978 0,750000 0,758427 1,000000 0,898876 0,713483 0,949438 0,426966 1,000000 0,494382 0,629214 0,674157 0,421348 0,853933 0,213483
0,079546 0,068182 0,309659 0,301136 0,539773 0,534091 0,769886 0,767046 1,000000 1,000000 0,500000 0,892045 0,250000 0,838068 0,000000 0,784091 0,346591 0,414773 0,693182 0,045455
0,000000 0,500000 0,250000 0,625000 0,500000 0,750000 0,750000 0,875000 1,000000 1,000000 0,609756 0,981707 0,414634 0,972561 0,219512 0,963415 0,432927 0,737805 0,646342 0,512195
0,804124 0,103093 0,536083 0,453608 0,402062 0,628866 0,268041 0,804124 0,634021 0,902062 1,000000 1,000000 0,750000 0,770619 0,500000 0,541237 0,250000 0,311856 0,000000 0,082474
0,000000 0,339622 0,250000 0,504717 0,500000 0,669811 0,750000 0,834906 1,000000 1,000000 0,764151 1,000000 0,528302 1,000000 0,610849 0,790094 0,693396 0,580189 0,858491 0,160377
1,000000 0,000000 0,673267 0,405941 0,400990 0,579208 0,128713 0,752475 0,485149 0,876238 0,841584 1,000000 0,673267 0,787129 0,504951 0,574257 0,336634 0,361386 0,168317 0,148515
0,000000 0,000000 0,250000 0,250000 0,500000 0,500000 0,750000 0,750000 1,000000 1,000000 0,731250 1,000000 0,462500 1,000000 0,606250 0,550000 0,678125 0,325000 0,750000 0,100000
0,322222 0,244444 0,491667 0,363889 0,661111 0,483333 0,830556 0,602778 1,000000 0,722222 0,888889 1,000000 0,855556 0,827778 0,822222 0,655556 0,911111 0,327778 1,000000 0,000000
1,000000 0,000000 0,824675 0,133117 0,649351 0,266234 0,298702 0,532468 0,428572 0,766234 0,558442 1,000000 0,444805 0,762987 0,331169 0,525974 0,217533 0,288961 0,103896 0,051948
0,000000 0,317460 0,186508 0,402778 0,373016 0,488095 0,746032 0,658730 0,785714 0,833333 0,595238 1,000000 0,484127 1,000000 0,539683 0,761905 0,769841 0,468254 1,000000 0,174603
0,034091 0,022728 0,204546 0,181819 0,375000 0,340909 0,715909 0,659091 0,613636 0,931818 0,409091 1,000000 0,454546 0,750000 0,500000 0,500000 0,750000 0,250000 1,000000 0,000000
0,222222 0,020202 0,520202 0,333333 0,818182 0,646465 0,909091 0,919192 0,797980 1,000000 0,555555 1,000000 0,505050 0,858586 0,628788 0,643939 0,752525 0,429293 1,000000 0,000000
0,000000 0,073171 0,250000 0,207317 0,375000 0,274390 0,500000 0,341463 0,625000 0,408537 0,750000 0,475610 1,000000 0,609756 0,926829 0,841463 0,743902 0,920732 0,560976 1,000000
0,000000 0,397591 0,204819 0,539157 0,409639 0,680723 0,819277 0,963856 0,463856 0,981928 0,108434 1,000000 0,331325 0,792169 0,554217 0,584337 0,777108 0,376506 1,000000 0,168675
0,680851 0,170213 0,377660 0,420213 0,074468 0,670213 0,305851 0,752660 0,537234 0,835107 1,000000 1,000000 0,787234 0,750000 0,574468 0,500000 0,361702 0,250000 0,148936 0,000000
0,000000 0,344828 0,250000 0,508621 0,500000 0,672414 0,750000 0,836207 1,000000 1,000000 0,685345 0,969828 0,370690 0,939655 0,506466 0,726293 0,642241 0,512931 0,913793 0,086207
0,028571 0,931429 0,500000 0,965714 0,971429 1,000000 0,728571 0,897143 0,485714 0,794286 0,242857 0,691429 0,000000 0,588572 0,057143 0,280000 0,528571 0,374286 1,000000 0,468572
0,089202 0,802817 0,370892 1,000000 0,446009 0,680751 0,845070 0,995305 0,892019 0,676056 0,446009 0,568075 0,000000 0,460094 0,042254 0,225352 0,521127 0,300470 1,000000 0,375587
0,083721 1,000000 0,455814 0,958140 0,827907 0,916279 0,486047 0,818605 0,144186 0,720930 0,000000 0,395349 0,250000 0,417442 0,500000 0,439535 0,750000 0,461628 1,000000 0,483721
0,000000 1,000000 0,467033 0,989011 0,934066 0,978022 0,502747 0,793956 0,071429 0,609890 0,016484 0,258242 0,262363 0,292582 0,508242 0,326923 0,754121 0,361264 1,000000 0,395604
0,074830 1,000000 0,418367 0,989796 0,761905 0,979592 0,571429 0,867347 0,380952 0,755102 0,000000 0,530612 0,250000 0,517007 0,500000 0,503401 0,750000 0,489796 1,000000 0,476191
0,126126 1,000000 0,400901 0,932433 0,675676 0,864865 0,506757 0,686937 0,337838 0,509009 0,000000 0,153153 0,250000 0,148649 0,500000 0,144144 0,750000 0,139640 1,000000 0,135135
0,261905 1,000000 0,130952 0,809524 0,000000 0,619048 0,125000 0,617064 0,250000 0,615079 0,375000 0,613095 0,500000 0,611111 0,625000 0,609127 0,750000 0,607143 1,000000 0,603175
0,427481 1,000000 0,320611 0,891221 0,213741 0,782443 0,106870 0,673664 0,000000 0,564886 0,125000 0,551527 0,250000 0,538168 0,500000 0,511450 0,750000 0,484733 1,000000 0,458015
0,000000 0,915663 0,349398 1,000000 0,415663 0,843374 0,487952 0,837349 0,704819 0,951807 0,512048 0,614458 0,265060 0,484940 0,018072 0,355422 0,509036 0,394578 1,000000 0,433735
0,000000 0,820988 0,160494 0,907408 0,561729 0,864198 0,820988 1,000000 0,543210 0,679013 0,024691 0,462963 0,135803 0,518519 0,364198 0,432099 0,682099 0,441358 1,000000 0,450617
0,172840 0,913580 0,456790 1,000000 0,635803 1,000000 0,703704 0,888889 1,000000 0,925926 0,580247 0,641975 0,290124 0,583333 0,000000 0,524691 0,500000 0,518518 1,000000 0,512346
0,063830 0,845745 0,313830 0,957447 0,558511 0,946809 0,803192 0,936170 1,000000 1,000000 0,760638 0,776596 0,380319 0,667553 0,000000 0,558511 0,457447 0,497340 0,914894 0,436170
0,218085 1,000000 0,561170 1,000000 0,904255 1,000000 0,452128 0,797872 0,226064 0,696809 0,000000 0,595745 0,250000 0,593085 0,500000 0,590425 0,750000 0,587766 1,000000 0,585106
0,129944 0,887006 0,163842 0,988700 0,412429 1,000000 0,468927 0,892655 0,779661 0,983051 0,562147 0,793785 0,344633 0,604520 0,000000 0,468927 0,500000 0,457627 1,000000 0,446328
0,107843 0,950980 0,382353 0,975490 0,656863 1,000000 0,492647 0,887255 0,328432 0,774510 0,000000 0,549020 0,250000 0,539216 0,500000 0,529412 0,750000 0,519608 1,000000 0,509804
0,325926 0,992593 0,600000 1,000000 0,450000 0,898148 0,300000 0,796296 0,150000 0,694444 0,000000 0,592593 0,250000 0,601852 0,500000 0,611111 0,750000 0,620370 1,000000 0,629630
0,159091 0,986364 0,386364 0,993182 0,613636 1,000000 0,460227 0,917046 0,306818 0,834091 0,000000 0,668182 0,250000 0,653409 0,500000 0,638636 0,750000 0,623864 1,000000 0,609091
0,622807 1,000000 0,820175 0,995614 0,451754 0,842105 0,267544 0,765351 0,083333 0,688596 0,000000 0,631579 0,004386 0,570175 0,250000 0,535088 0,625000 0,563597 1,000000 0,592105
0,035714 0,970238 0,363095 0,985119 0,690476 1,000000 0,517857 0,879464 0,345238 0,758929 0,000000 0,517857 0,250000 0,519345 0,500000 0,520833 0,750000 0,522321 1,000000 0,523810
0,664122 1,000000 0,900763 1,000000 0,675573 0,881679 0,450382 0,763359 0,225191 0,645038 0,000000 0,526717 0,250000 0,538168 0,500000 0,549618 0,750000 0,561069 1,000000 0,572519
0,107438 1,000000 0,553719 0,975207 1,000000 0,950413 0,750000 0,768595 0,500000 0,586777 0,250000 0,404959 0,000000 0,223141 0,239670 0,233471 0,479339 0,243802 0,958678 0,264463
0,284091 0,977273 0,642046 0,968750 1,000000 0,960227 0,676136 1,000000 0,369318 0,914773 0,318182 0,573864 0,000000 0,522727 0,250000 0,525568 0,500000 0,528409 1,000000 0,534091
0,062201 0,918660 0,483254 0,913876 0,660287 0,976077 0,583732 1,000000 0,464115 0,918660 0,334928 0,550239 0,033493 0,492823 0,000000 0,578947 0,110048 0,607655 1,000000 0,550239
0,227273 0,917355 0,528926 0,925620 0,780992 1,000000 0,702479 0,987603 0,652893 0,628099 0,475207 0,528926 0,000000 0,528926 0,250000 0,545455 0,500000 0,561983 1,000000 0,595041
0,050955 0,961783 0,366242 0,980892 0,681529 1,000000 0,340764 0,789809 0,170382 0,684714 0,000000 0,579618 0,250000 0,570064 0,500000 0,560510 0,750000 0,550955 1,000000 0,541401
0,195402 0,931034 0,566092 0,965517 0,936782 1,000000 0,702586 0,923851 0,468391 0,847701 0,234195 0,771552 0,000000 0,695402 0,149425 0,574713 0,574713 0,563218 1,000000 0,551724
0,000000 0,897810 0,259124 0,948905 0,518248 1,000000 0,408759 0,788321 0,237226 0,700730 0,065693 0,613139 0,299270 0,616788 0,532847 0,620438 0,766423 0,624088 1,000000 0,627737
0,135922 1,000000 0,383495 0,995146 0,631068 0,990291 0,473301 0,893204 0,315534 0,796116 0,000000 0,601942 0,250000 0,589806 0,500000 0,577670 0,750000 0,565534 1,000000 0,553398
0,168067 1,000000 0,575630 0,974790 0,613445 0,911765 0,462185 0,789916 0,231092 0,703781 0,000000 0,617647 0,250000 0,611345 0,500000 0,605042 0,750000 0,598739 1,000000 0,592437
0,333334 0,000000 0,416667 0,125000 0,500001 0,250000 0,583334 0,375000 0,666667 0,500000 0,708334 0,562500 0,750000 0,625000 0,833334 0,750000 0,916667 0,875000 1,000000 1,000000
0,088083 0,989637 0,233161 0,994819 0,378238 1,000000 0,189119 0,857513 0,000000 0,715026 0,125000 0,720855 0,250000 0,726684 0,500000 0,738342 0,750000 0,750000 1,000000 0,761658
0,092308 0,969231 0,307692 0,984615 0,523077 1,000000 0,392308 0,913462 0,261539 0,826923 0,000000 0,653846 0,250000 0,644231 0,500000 0,634615 0,750000 0,625000 1,000000 0,615385
0,055556 1,000000 0,268519 0,972222 0,481482 0,944444 0,361111 0,876543 0,240741 0,808642 0,000000 0,672839 0,250000 0,663580 0,500000 0,654321 0,750000 0,645062 1,000000 0,635802
0,320000 1,000000 0,625000 0,980000 0,930000 0,960000 0,697500 0,802500 0,465000 0,645000 0,232500 0,487500 0,000000 0,330000 0,500000 0,355000 0,750000 0,367500 1,000000 0,380000
0,008547 0,982906 0,247863 1,000000 0,123932 0,888889 0,000000 0,777778 0,125000 0,777778 0,250000 0,777778 0,500000 0,777778 0,625000 0,777778 0,750000 0,777778 1,000000 0,777778
0,137681 0,956522 0,601449 1,000000 0,623188 0,884058 0,449275 0,702899 0,224638 0,608696 0,000000 0,514493 0,250000 0,498188 0,500000 0,481884 0,750000 0,465580 1,000000 0,449275
0,257028 0,987952 0,524096 0,993976 0,791165 1,000000 0,562249 0,835341 0,281125 0,704819 0,000000 0,574297 0,250000 0,582329 0,500000 0,590361 0,750000 0,598394 1,000000 0,606426
0,231293 0,904762 0,537415 0,952381 0,843537 1,000000 0,891157 0,891156 0,646259 0,707483 0,323129 0,605442 0,000000 0,503401 0,250000 0,491496 0,500000 0,479592 1,000000 0,455782
0,000000 0,915254 0,250000 0,936441 0,500000 0,957627 0,750000 0,978814 1,000000 1,000000 0,864407 0,813559 0,661017 0,728814 0,457627 0,644068 0,728814 0,610170 1,000000 0,576271
0,000000 0,972973 0,160811 0,979730 0,321622 0,986486 0,482432 0,993243 0,643243 1,000000 0,697297 0,983784 0,654054 0,891892 0,740541 0,890540 0,827027 0,889189 1,000000 0,886487
0,000000 0,971429 0,260000 0,985714 0,520000 1,000000 0,451429 0,868571 0,225714 0,737143 0,000000 0,605714 0,250000 0,614286 0,500000 0,622857 0,750000 0,631428 1,000000 0,640000
0,000000 0,988637 0,164773 0,994318 0,329545 1,000000 0,232954 0,886364 0,136364 0,772727 0,352273 0,801136 0,460227 0,815341 0,568182 0,829546 0,784091 0,857955 1,000000 0,886364
0,000000 0,941176 0,120321 0,955882 0,240642 0,970588 0,481284 1,000000 0,382353 0,917112 0,283423 0,834225 0,462567 0,858289 0,641711 0,882353 0,820856 0,906417 1,000000 0,930481
0,113924 0,978903 0,358650 1,000000 0,179325 0,852321 0,000000 0,704641 0,008439 0,628692 0,256329 0,639240 0,504219 0,649789 0,628165 0,655063 0,752110 0,660337 1,000000 0,670886
0,136612 1,000000 0,360656 0,989071 0,180328 0,825137 0,000000 0,661202 0,125000 0,668716 0,250000 0,676230 0,375000 0,683743 0,500000 0,691257 0,750000 0,706284 1,000000 0,721312
0,155556 1,000000 0,288889 0,977778 0,144445 0,847222 0,000000 0,716667 0,125000 0,715972 0,250000 0,715278 0,500000 0,713889 0,750000 0,712500 0,875000 0,711806 1,000000 0,711111
0,174194 0,993548 0,406452 1,000000 0,406452 0,941935 0,304839 0,856452 0,203226 0,770968 0,000000 0,600000 0,250000 0,601613 0,500000 0,603226 0,750000 0,604839 1,000000 0,606452
0,253968 1,000000 0,462963 0,970900 0,671958 0,941799 0,503968 0,824074 0,335979 0,706349 0,000000 0,470900 0,250000 0,493386 0,500000 0,515873 0,750000 0,538360 1,000000 0,560847
0,186869 0,984848 0,333333 0,992424 0,479798 1,000000 0,359849 0,921717 0,239899 0,843434 0,000000 0,686869 0,250000 0,710859 0,500000 0,734848 0,750000 0,758838 1,000000 0,782828
0,000000 0,958549 0,274611 0,979275 0,549223 1,000000 0,466321 0,870466 0,246114 0,759067 0,025907 0,647668 0,269430 0,646373 0,512953 0,645078 0,756477 0,643782 1,000000 0,642487
0,173469 0,954082 0,377551 0,965561 0,581633 0,977041 0,785714 0,988520 0,989796 1,000000 1,000000 0,933674 0,841837 0,813776 0,683673 0,693878 0,341837 0,581633 0,000000 0,469388
0,000000 0,930041 0,062500 0,934414 0,125000 0,938786 0,250000 0,947531 0,375000 0,956276 0,500000 0,965021 0,625000 0,973766 0,750000 0,982510 0,875000 0,991255 1,000000 1,000000
0,000000 1,000000 0,290094 0,997642 0,580189 0,995283 0,485849 0,839623 0,247642 0,709906 0,009434 0,580189 0,257076 0,596698 0,504717 0,613208 0,752359 0,629717 1,000000 0,646226
0,412500 0,993750 0,718750 1,000000 0,693750 0,762500 0,346875 0,543750 0,173438 0,434375 0,000000 0,325000 0,250000 0,356250 0,500000 0,387500 0,750000 0,418750 1,000000 0,450000
0,000000 0,848101 0,234177 0,886076 0,468355 0,924051 0,936709 1,000000 0,740506 0,797468 0,544304 0,594937 0,348101 0,392405 0,151899 0,189873 0,575949 0,215190 1,000000 0,240506
0,145161 0,991935 0,354839 1,000000 0,370968 0,854839 0,185484 0,697581 0,000000 0,540323 0,125000 0,552419 0,250000 0,564516 0,500000 0,588710 0,750000 0,612903 1,000000 0,637097
0,099503 1,000000 0,283582 1,000000 0,288557 0,945274 0,144279 0,805970 0,000000 0,666667 0,250000 0,699005 0,500000 0,731343 0,625000 0,747512 0,750000 0,763682 1,000000 0,796020
0,267442 1,000000 0,500000 0,965116 0,375000 0,915698 0,250000 0,866279 0,125000 0,816860 0,000000 0,767442 0,250000 0,758721 0,500000 0,750000 0,750000 0,741279 1,000000 0,732558
0,330578 1,000000 0,528926 0,975207 0,727273 0,950413 0,363636 0,801653 0,181818 0,727273 0,000000 0,652893 0,250000 0,646694 0,500000 0,640496 0,750000 0,634298 1,000000 0,628099
0,000000 0,977099 0,152672 0,988550 0,305344 1,000000 0,160305 0,828244 0,015267 0,656489 0,068702 0,496183 0,301527 0,500000 0,534351 0,503817 0,767176 0,507634 1,000000 0,511450
0,371212 0,969697 0,696970 1,000000 0,696970 0,893939 0,522727 0,820076 0,348485 0,746212 0,000000 0,598485 0,250000 0,596591 0,500000 0,594697 0,750000 0,592803 1,000000 0,590909
0,368421 1,000000 0,631579 0,973684 0,473684 0,901316 0,315790 0,828947 0,000000 0,684211 0,092105 0,388158 0,319079 0,391447 0,546053 0,394737 0,773026 0,398026 1,000000 0,401316
0,452830 1,000000 0,726415 0,985849 1,000000 0,971698 0,750000 0,851415 0,500000 0,731132 0,250000 0,610849 0,000000 0,490566 0,219340 0,483491 0,438679 0,476415 0,877358 0,462264
0,277228 0,980198 0,465347 1,000000 0,331683 0,891089 0,198020 0,782178 0,099010 0,579208 0,000000 0,376238 0,250000 0,373762 0,500000 0,371287 0,750000 0,368812 1,000000 0,366337
0,272727 1,000000 0,454546 1,000000 0,636364 1,000000 1,000000 1,000000 0,750000 0,812500 0,500000 0,625000 0,250000 0,437500 0,000000 0,250000 0,250000 0,227272 0,500000 0,204545
0,000000 1,000000 0,250000 0,985849 0,500000 0,971698 0,750000 0,957547 1,000000 0,943396 0,792453 0,879717 0,584906 0,816038 0,377359 0,752358 0,169811 0,688679 0,424528 0,632075
0,076087 1,000000 0,307065 0,991848 0,538044 0,983696 1,000000 0,967391 0,750000 0,771739 0,500000 0,576087 0,250000 0,505435 0,000000 0,434782 0,315217 0,434782 0,630435 0,434782
0,141667 1,000000 0,479167 0,950000 0,816667 0,900000 0,612500 0,768750 0,408333 0,637500 0,000000 0,375000 0,250000 0,375000 0,500000 0,375000 0,750000 0,375000 1,000000 0,375000
0,000000 1,000000 0,250000 1,000000 0,500000 1,000000 0,750000 1,000000 1,000000 1,000000 0,693069 0,801980 0,450495 0,762376 0,207921 0,722772 0,410891 0,683168 0,613861 0,643564
0,000000 1,000000 0,360000 0,933333 0,720000 0,866666 0,380000 0,566667 0,210000 0,416667 0,040000 0,266667 0,280000 0,256667 0,520000 0,246667 0,760000 0,236666 1,000000 0,226666
0,119266 0,926606 0,412844 1,000000 0,568807 0,688073 0,284404 0,568807 0,000000 0,449541 0,036697 0,311926 0,277523 0,307339 0,518349 0,302752 0,759174 0,298165 1,000000 0,293578
0,225225 1,000000 0,522523 1,000000 0,819820 1,000000 0,409910 0,801802 0,204955 0,702703 0,000000 0,603604 0,250000 0,592342 0,500000 0,581081 0,750000 0,569820 1,000000 0,558559
0,720000 0,980000 1,000000 1,000000 0,880000 0,810000 0,660000 0,720000 0,440000 0,630000 0,220000 0,540000 0,000000 0,450000 0,195000 0,442500 0,390000 0,435000 0,780000 0,420000
0,045045 1,000000 0,225225 0,968468 0,405405 0,936937 0,202703 0,747748 0,101351 0,653153 0,000000 0,558558 0,250000 0,529279 0,500000 0,500000 0,750000 0,470721 1,000000 0,441441
0,310078 1,000000 0,627907 0,968992 0,470930 0,905039 0,313954 0,841085 0,156977 0,777132 0,000000 0,713178 0,250000 0,689923 0,500000 0,666667 0,750000 0,643411 1,000000 0,620155
0,216495 1,000000 0,355670 0,989691 0,494845 0,979381 0,371134 0,920103 0,247423 0,860825 0,000000 0,742268 0,250000 0,737113 0,500000 0,731959 0,750000 0,726804 1,000000 0,721649
0,617978 1,000000 0,463483 0,915730 0,308989 0,831461 0,154495 0,747191 0,000000 0,662921 0,125000 0,643258 0,250000 0,623596 0,500000 0,584270 0,750000 0,544944 1,000000 0,505618
0,225807 1,000000 0,338710 0,927419 0,169355 0,826613 0,000000 0,725806 0,048387 0,645161 0,167339 0,643145 0,286290 0,641129 0,524194 0,637097 0,762097 0,633064 1,000000 0,629032
0,322581 1,000000 0,725807 0,959677 0,544355 0,842742 0,362903 0,725807 0,181452 0,608871 0,000000 0,491936 0,250000 0,469758 0,500000 0,447581 0,750000 0,425403 1,000000 0,403226
0,483333 1,000000 0,750000 0,975000 0,562500 0,895833 0,375000 0,816667 0,187500 0,737500 0,000000 0,658333 0,250000 0,643750 0,500000 0,629166 0,750000 0,614583 1,000000 0,600000
0,343750 1,000000 0,507812 1,000000 0,671875 1,000000 0,562500 0,859375 0,281250 0,812500 0,000000 0,765625 0,250000 0,744141 0,500000 0,722656 0,750000 0,701172 1,000000 0,679687
0,427586 0,986207 0,724138 1,000000 0,641379 0,827586 0,320690 0,786207 0,000000 0,744828 0,006897 0,675862 0,255172 0,665517 0,503448 0,655172 0,751724 0,644828 1,000000 0,634483
0,598361 0,991803 0,901639 1,000000 0,852459 0,893443 0,639344 0,834016 0,426230 0,774590 0,213115 0,715164 0,000000 0,655738 0,139344 0,557377 0,569672 0,561475 1,000000 0,565574
0,000000 1,000000 0,285714 0,990476 0,428571 0,985714 0,571429 0,980952 0,442857 0,809524 0,314286 0,638095 0,485714 0,633333 0,657143 0,628571 0,828571 0,623809 1,000000 0,619048
0,000000 1,000000 0,143617 0,989362 0,287234 0,978723 0,430851 0,968085 0,574468 0,957447 0,507092 0,758865 0,439716 0,560284 0,579787 0,560284 0,719858 0,560284 1,000000 0,560284
0,000000 1,000000 0,367257 0,982301 0,734513 0,964602 0,584071 0,796460 0,433628 0,628319 0,106195 0,469027 0,329646 0,462389 0,553097 0,455752 0,776549 0,449115 1,000000 0,442478
0,360215 0,973118 0,680108 0,986559 1,000000 1,000000 0,750000 0,904570 0,500000 0,809140 0,250000 0,713710 0,000000 0,618280 0,443548 0,586022 0,665323 0,569893 0,887097 0,553764
0,106557 1,000000 0,372951 0,967213 0,639344 0,934426 0,319672 0,770492 0,000000 0,606557 0,049180 0,549180 0,286885 0,545082 0,524590 0,540983 0,762295 0,536885 1,000000 0,532787
0,086957 1,000000 0,065217 0,866848 0,043478 0,733696 0,000000 0,467391 0,250000 0,459239 0,500000 0,451087 0,750000 0,442935 1,000000 0,434783 1,000000 0,668478 1,000000 0,902174
0,102804 0,859813 0,051402 0,528038 0,000000 0,196262 0,242991 0,191589 0,485981 0,186916 0,728972 0,182243 0,971963 0,177570 0,985981 0,588785 0,992991 0,794393 1,000000 1,000000
0,000000 0,978495 0,000000 0,801075 0,000000 0,623656 0,000000 0,268817 0,250000 0,295699 0,500000 0,322581 0,750000 0,349462 1,000000 0,376344 0,989247 0,688172 0,978495 1,000000
0,000000 0,952381 0,027778 0,634921 0,055556 0,317460 0,246032 0,261905 0,436508 0,206349 0,706349 0,301587 0,825397 0,420635 0,944444 0,539683 0,972222 0,769841 1,000000 1,000000
0,000000 0,970803 0,003650 0,693431 0,007299 0,416059 0,222628 0,397810 0,437956 0,379562 0,653285 0,361314 0,868613 0,343066 0,934307 0,671533 0,967153 0,835766 1,000000 1,000000
0,000000 0,817204 0,021505 0,602151 0,043011 0,387097 0,268817 0,360215 0,494624 0,333333 0,655914 0,419355 0,817204 0,505376 0,862903 0,629032 0,908602 0,752688 1,000000 1,000000
0,045802 0,954199 0,022901 0,782443 0,000000 0,610687 0,198473 0,604962 0,396947 0,599237 0,595420 0,593512 0,793893 0,587786 0,946565 0,610687 0,973283 0,805343 1,000000 1,000000
0,103448 0,948276 0,051724 0,780172 0,000000 0,612069 0,068965 0,405172 0,252155 0,396552 0,435345 0,387931 0,618534 0,379310 0,801724 0,370690 0,900862 0,685345 1,000000 1,000000
0,676923 1,000000 0,665385 0,875000 0,653846 0,750000 0,630769 0,500000 0,607693 0,250000 0,584616 0,000000 0,761539 0,123077 0,938462 0,246154 0,969231 0,461539 1,000000 0,676923
0,204546 0,704546 0,238637 0,551137 0,272728 0,397728 0,306819 0,244318 0,340910 0,090909 0,636364 0,000000 0,727273 0,250000 0,818182 0,500000 0,909091 0,750000 1,000000 1,000000
0,178572 1,000000 0,169643 0,750000 0,160714 0,500000 0,151786 0,250000 0,142857 0,000000 0,526786 0,160714 0,718750 0,241072 0,910714 0,321429 0,955357 0,642857 1,000000 0,964285
0,222222 1,000000 0,277778 0,750000 0,333334 0,500000 0,388889 0,250000 0,444445 0,000000 0,658730 0,174603 0,873016 0,349206 0,904762 0,496032 0,936508 0,642857 1,000000 0,936508
0,000000 1,000000 0,054545 0,781818 0,109091 0,563637 0,163636 0,345455 0,218182 0,127273 0,377273 0,200000 0,536364 0,272728 0,854546 0,418182 0,927273 0,709091 1,000000 1,000000
0,214876 0,991736 0,107438 0,756198 0,000000 0,520661 0,000000 0,388430 0,206612 0,388430 0,404959 0,392562 0,603306 0,396694 1,000000 0,404959 0,987603 0,702479 0,975207 1,000000
0,044304 0,981013 0,022152 0,705696 0,000000 0,430380 0,310127 0,417721 0,482595 0,454114 0,655063 0,490506 0,827532 0,526899 1,000000 0,563291 0,996835 0,781646 0,993671 1,000000
0,000000 0,991597 0,050420 0,747899 0,075630 0,626051 0,100840 0,504202 0,304622 0,506303 0,508403 0,508404 0,712185 0,510504 0,915967 0,512605 0,957983 0,756303 1,000000 1,000000
0,000000 0,894737 0,000000 0,676692 0,000000 0,458647 0,225564 0,456767 0,451128 0,454887 0,676692 0,453007 0,902256 0,451128 0,951128 0,725564 0,975564 0,862782 1,000000 1,000000
0,164179 0,850746 0,082090 0,537314 0,041045 0,380597 0,000000 0,223880 0,253731 0,194030 0,507463 0,164179 0,716418 0,358209 0,925373 0,552239 0,962687 0,776119 1,000000 1,000000
0,000000 0,680001 0,090000 0,520000 0,180000 0,360000 0,380000 0,360000 0,580000 0,360000 0,675000 0,425000 0,770000 0,490000 0,960000 0,620000 0,980000 0,810000 1,000000 1,000000
0,180723 0,662651 0,114458 0,433735 0,048193 0,204819 0,337349 0,000000 0,530120 0,024096 0,722892 0,048193 0,951807 0,265060 0,963855 0,448795 0,975904 0,632530 1,000000 1,000000
0,000000 0,929730 0,032432 0,705405 0,064865 0,481081 0,221622 0,421621 0,429730 0,440540 0,637838 0,459459 0,886487 0,589189 1,000000 0,702703 0,970270 0,851351 0,940541 1,000000
0,000000 1,000000 0,016807 0,651261 0,033614 0,302521 0,235294 0,226891 0,478992 0,226891 0,722689 0,226891 0,890756 0,369748 1,000000 0,537815 0,987395 0,764706 0,974790 0,991597
0,109589 0,917808 0,130137 0,458904 0,140411 0,229452 0,150685 0,000000 0,602740 0,000000 0,835616 0,068493 0,876712 0,301370 0,917808 0,534247 0,958904 0,767123 1,000000 1,000000
0,028369 0,893617 0,014184 0,677305 0,000000 0,460993 0,127660 0,397163 0,335106 0,421986 0,542553 0,446808 0,750000 0,471631 0,957447 0,496454 0,978723 0,748227 1,000000 1,000000
0,329546 0,875000 0,306818 0,656250 0,284091 0,437500 0,238637 0,000000 0,522727 0,017046 0,806818 0,034091 0,855114 0,275568 0,903409 0,517046 0,951705 0,758523 1,000000 1,000000
0,000000 0,902655 0,039823 0,654867 0,079646 0,407080 0,415929 0,367257 0,584071 0,347345 0,752212 0,327434 0,876106 0,353982 0,955752 0,557522 0,977876 0,778761 1,000000 1,000000
0,016129 0,956989 0,000000 0,666667 0,204301 0,489247 0,344086 0,543011 0,483871 0,596774 0,639785 0,526882 0,795699 0,561828 0,951613 0,596774 0,975807 0,798387 1,000000 1,000000
0,000000 0,912752 0,010067 0,627517 0,020134 0,342282 0,250000 0,338926 0,479866 0,335570 0,709732 0,332215 0,939597 0,328859 0,954698 0,496644 0,969799 0,664429 1,000000 1,000000
0,000000 0,938775 0,010204 0,673469 0,020408 0,408163 0,234694 0,392857 0,448980 0,377551 0,663265 0,362245 0,877551 0,346938 0,908163 0,510204 0,938776 0,673469 1,000000 1,000000
0,060870 0,765217 0,030435 0,500000 0,000000 0,234783 0,250000 0,236957 0,500000 0,239131 0,750000 0,241304 1,000000 0,243478 0,978261 0,621739 0,967391 0,810870 0,956522 1,000000
0,129870 0,701299 0,123377 0,350649 0,116883 0,000000 0,314935 0,009740 0,512987 0,019481 0,909091 0,038961 0,931818 0,279221 0,954545 0,519481 0,977273 0,759740 1,000000 1,000000
0,136752 1,000000 0,102564 0,829060 0,068376 0,658120 0,000000 0,316239 0,303419 0,320513 0,606838 0,324786 0,705128 0,489316 0,803419 0,653846 0,901709 0,818376 1,000000 0,982906
0,008333 0,925000 0,004167 0,608333 0,000000 0,291666 0,350000 0,291666 0,700000 0,291666 0,783333 0,300000 0,837500 0,475000 0,891667 0,650000 0,945833 0,825000 1,000000 1,000000
0,131148 0,934426 0,000000 0,647541 0,004098 0,459016 0,008197 0,270492 0,256148 0,336066 0,504098 0,401639 0,752049 0,467213 1,000000 0,532787 1,000000 0,766394 1,000000 1,000000
0,000000 0,830769 0,096154 0,692308 0,192308 0,553846 0,288462 0,415384 0,384615 0,276923 0,619231 0,292308 0,853846 0,307692 1,000000 0,438461 1,000000 0,719231 1,000000 1,000000
1,000000 1,000000 0,906780 0,714689 0,860170 0,572034 0,813559 0,429379 0,642655 0,439266 0,471751 0,449153 0,300848 0,459040 0,129944 0,468927 0,064972 0,723164 0,000000 0,977401
1,000000 0,951613 0,967742 0,814516 0,935484 0,677419 0,870968 0,403226 0,697581 0,435484 0,524194 0,467742 0,350807 0,500000 0,177419 0,532258 0,088710 0,766129 0,000000 1,000000
1,000000 0,939394 0,959596 0,575758 0,939394 0,393940 0,919192 0,212121 0,712121 0,181818 0,505051 0,151515 0,313131 0,252525 0,121212 0,353535 0,060606 0,676768 0,000000 1,000000
0,977778 0,911111 0,988889 0,561111 1,000000 0,211111 0,600000 0,161111 0,400000 0,136111 0,200000 0,111111 0,150000 0,333334 0,100000 0,555556 0,050000 0,777778 0,000000 1,000000
0,000000 0,898305 0,076271 0,677966 0,152542 0,457627 0,364407 0,453390 0,576271 0,449152 0,788136 0,444915 1,000000 0,440678 0,997881 0,580509 0,995763 0,720339 0,991525 1,000000
0,000000 0,842592 0,041667 0,634259 0,083333 0,425926 0,293982 0,428241 0,504630 0,430556 0,715278 0,432870 0,925926 0,435185 0,944445 0,576389 0,962963 0,717593 1,000000 1,000000
0,000000 0,913793 0,017241 0,655172 0,034483 0,396552 0,275862 0,392241 0,517241 0,387931 0,758621 0,383621 1,000000 0,379310 0,991379 0,534483 0,982759 0,689655 0,965517 1,000000
0,000000 0,818182 0,022727 0,416667 0,034091 0,215909 0,045455 0,015152 0,393940 0,037879 0,742425 0,060606 0,806818 0,295455 0,871212 0,530303 0,935606 0,765151 1,000000 1,000000
0,088889 0,900000 0,072222 0,466667 0,055555 0,033333 0,291667 0,025000 0,527778 0,016667 1,000000 0,000000 0,958333 0,250000 0,916667 0,500000 0,875000 0,750000 0,833333 1,000000
0,000000 0,732759 0,168104 0,564655 0,336207 0,396552 0,502155 0,396552 0,668104 0,396552 0,834052 0,396552 1,000000 0,396552 1,000000 0,547414 1,000000 0,698276 1,000000 1,000000
0,155340 0,990291 0,150485 0,742719 0,145631 0,495146 0,140777 0,247573 0,135922 0,000000 0,567961 0,014563 1,000000 0,029126 0,985437 0,271845 0,970874 0,514563 0,941748 1,000000
0,000000 0,833333 0,009804 0,598039 0,019608 0,362745 0,247549 0,362745 0,475490 0,362745 0,703431 0,362745 0,931373 0,362745 0,948530 0,522059 0,965686 0,681373 1,000000 1,000000
0,142857 0,806122 0,142857 0,408163 0,142857 0,010204 0,354592 0,007653 0,566327 0,005102 0,989796 0,000000 0,992347 0,250000 0,994898 0,500000 0,997449 0,750000 1,000000 1,000000
0,000000 0,911290 0,020161 0,717742 0,040323 0,524194 0,250000 0,479839 0,459677 0,435484 0,566532 0,502016 0,673387 0,568549 0,887097 0,701613 0,943548 0,850807 1,000000 1,000000
0,000000 1,000000 0,035088 0,692982 0,070175 0,385965 0,184211 0,350877 0,379386 0,353070 0,574561 0,355263 0,769737 0,357456 0,964912 0,359649 0,982456 0,666667 1,000000 0,973684
0,000000 0,885246 0,049180 0,516393 0,098361 0,147541 0,323771 0,143443 0,549180 0,139344 0,774590 0,135246 1,000000 0,131147 0,991803 0,565574 0,987705 0,782787 0,983607 1,000000
0,000000 0,647482 0,014389 0,417266 0,210432 0,404676 0,406475 0,392086 0,602518 0,379496 0,798561 0,366906 0,848921 0,525180 0,899281 0,683453 0,949640 0,841727 1,000000 1,000000
0,000000 0,894231 0,028846 0,552885 0,057692 0,211539 0,293269 0,206731 0,528846 0,201923 0,764423 0,197115 1,000000 0,192308 0,990385 0,394231 0,980769 0,596154 0,961538 1,000000
0,050420 0,941176 0,025210 0,575630 0,000000 0,210084 0,245798 0,220588 0,491597 0,231092 0,737395 0,241597 0,983193 0,252101 0,987395 0,439076 0,991597 0,626050 1,000000 1,000000
0,439394 0,803030 0,435606 0,617424 0,431818 0,431818 0,424242 0,060606 0,689394 0,030303 0,954545 0,000000 0,965909 0,250000 0,977273 0,500000 0,988636 0,750000 1,000000 1,000000
1,000000 0,669903 0,990291 0,402913 0,980583 0,135922 0,759709 0,138350 0,538835 0,140777 0,317961 0,143204 0,097087 0,145631 0,072816 0,359224 0,048544 0,572816 0,000000 1,000000
0,965909 1,000000 0,974432 0,840909 0,982955 0,681818 1,000000 0,363636 0,823864 0,335227 0,647727 0,306818 0,392045 0,301136 0,136364 0,295455 0,068182 0,585227 0,000000 0,875000
1,000000 1,000000 1,000000 0,778846 1,000000 0,557692 1,000000 0,336538 1,000000 0,115385 0,634615 0,198718 0,451923 0,240384 0,269231 0,282051 0,134615 0,608975 0,000000 0,935897
1,000000 0,973215 0,950893 0,732143 0,901786 0,491072 0,779018 0,473214 0,656250 0,455357 0,410714 0,419643 0,245536 0,486607 0,080357 0,553571 0,040179 0,776786 0,000000 1,000000
1,000000 1,000000 0,966667 0,838095 0,933333 0,676191 0,780952 0,595238 0,628571 0,514286 0,492857 0,521429 0,357143 0,528571 0,085714 0,542857 0,042857 0,738095 0,000000 0,933333
1,000000 0,792000 0,984000 0,516000 0,968000 0,240000 0,730000 0,240000 0,492000 0,240000 0,254000 0,240000 0,016000 0,240000 0,012000 0,430000 0,008000 0,620000 0,000000 1,000000
0,000000 0,822916 0,015625 0,583333 0,031250 0,343750 0,218750 0,291667 0,406250 0,239583 0,544271 0,325521 0,682292 0,411458 0,958333 0,583333 0,979167 0,791667 1,000000 1,000000
0,000000 0,935484 0,080645 0,672043 0,161290 0,408602 0,333333 0,403226 0,505376 0,397849 0,677419 0,392473 0,849462 0,387097 0,924731 0,693548 0,962366 0,846774 1,000000 1,000000
0,000000 0,962121 0,075758 0,704546 0,151515 0,446970 0,325758 0,428030 0,500000 0,409091 0,674242 0,390152 0,848485 0,371212 0,992424 0,409091 0,996212 0,704545 1,000000 1,000000
0,089286 0,964286 0,044643 0,669643 0,000000 0,375000 0,216518 0,343750 0,433036 0,312500 0,649554 0,281250 0,866071 0,250000 0,899554 0,437500 0,933036 0,625000 1,000000 1,000000
0,253521 0,732394 0,288733 0,394366 0,306338 0,225352 0,323944 0,056338 0,661972 0,028169 1,000000 0,000000 0,978873 0,250000 0,957746 0,500000 0,936620 0,750000 0,915493 1,000000
0,010527 0,873684 0,015790 0,457895 0,021053 0,042105 0,421053 0,021053 0,821053 0,000000 1,000000 0,031579 0,984211 0,273684 0,968421 0,515790 0,952632 0,757895 0,936842 1,000000
0,521277 0,819149 0,547872 0,430851 0,561170 0,236702 0,574468 0,042553 0,787234 0,021277 1,000000 0,000000 1,000000 0,250000 1,000000 0,500000 1,000000 0,750000 1,000000 1,000000
0,929688 0,960938 0,964844 0,636719 1,000000 0,312500 0,652344 0,277344 0,304687 0,242188 0,171875 0,273437 0,128906 0,455078 0,085937 0,636719 0,042969 0,818359 0,000000 1,000000
0,109756 0,865854 0,103658 0,652439 0,097561 0,439024 0,085366 0,012195 0,500000 0,006098 0,914634 0,000000 0,935976 0,250000 0,957317 0,500000 0,978659 0,750000 1,000000 1,000000
0,976563 1,000000 0,988281 0,691406 0,994141 0,537109 1,000000 0,382812 0,763672 0,392578 0,527344 0,402344 0,291016 0,412109 0,054688 0,421875 0,027344 0,691406 0,000000 0,960938
0,396227 1,000000 0,391510 0,764151 0,386793 0,528302 0,377359 0,056604 0,688679 0,028302 1,000000 0,000000 0,985849 0,250000 0,971698 0,500000 0,957547 0,750000 0,943396 1,000000
0,108108 0,351352 0,099099 0,000000 0,324324 0,004504 0,549550 0,009009 0,774775 0,013513 1,000000 0,018018 0,970721 0,263513 0,941441 0,509009 0,912162 0,754504 0,882883 1,000000
0,946903 1,000000 0,960177 0,778761 0,973451 0,557522 0,986726 0,336283 1,000000 0,115044 0,754425 0,099557 0,508850 0,084071 0,263274 0,068584 0,017699 0,053097 0,000000 0,442478
0,073684 1,000000 0,092105 0,760526 0,110526 0,521053 0,128947 0,281579 0,147369 0,042105 0,360526 0,031579 0,573684 0,021053 1,000000 0,000000 0,984211 0,263158 0,968421 0,526316
0,941521 1,000000 0,970760 0,704678 0,985380 0,557018 1,000000 0,409357 0,766082 0,394737 0,532164 0,380117 0,298246 0,365497 0,064327 0,350877 0,032164 0,508772 0,000000 0,666667
1,000000 1,000000 0,987705 0,844262 0,975410 0,688525 0,950820 0,377049 0,717213 0,381148 0,483607 0,385246 0,250000 0,389344 0,016394 0,393443 0,008197 0,561476 0,000000 0,729508
0,000000 1,000000 0,017442 0,761628 0,034884 0,523256 0,052326 0,284884 0,069768 0,046512 0,302326 0,043605 0,534884 0,040698 1,000000 0,034884 0,965116 0,430233 0,930233 0,825582
0,981982 1,000000 0,990991 0,869369 1,000000 0,738739 0,799550 0,725225 0,599099 0,711712 0,398649 0,698198 0,198198 0,684685 0,009009 0,684685 0,004504 0,815315 0,000000 0,945946
0,268657 1,000000 0,276119 0,750000 0,283582 0,500000 0,291045 0,250000 0,298507 0,000000 0,649254 0,000000 1,000000 0,000000 0,992537 0,455224 0,988806 0,682836 0,985075 0,910448
0,000000 1,000000 0,000000 0,570707 0,000000 0,141414 0,414141 0,101010 0,828283 0,060606 1,000000 0,060606 0,964646 0,292929 0,929293 0,525252 0,893939 0,757576 0,858586 0,989899
0,000000 1,000000 0,000000 0,759036 0,000000 0,518072 0,000000 0,036145 0,250000 0,036145 0,500000 0,036145 0,750000 0,036145 1,000000 0,036145 0,969880 0,469879 0,939759 0,903614
1,000000 1,000000 0,969388 0,891157 0,938776 0,782313 0,877551 0,564626 0,666667 0,590136 0,455782 0,615646 0,244898 0,641156 0,034014 0,666667 0,017007 0,819728 0,000000 0,972789
0,000000 1,000000 0,000000 0,750000 0,000000 0,500000 0,000000 0,000000 0,250000 0,000000 0,500000 0,000000 0,750000 0,000000 1,000000 0,000000 0,830882 0,463235 0,661765 0,926471
0,805195 1,000000 0,853896 0,750000 0,902597 0,500000 0,951299 0,250000 1,000000 0,000000 0,756494 0,006494 0,512987 0,012987 0,025974 0,025974 0,038961 0,500000 0,051948 0,974026
1,000000 0,880597 1,000000 0,500000 1,000000 0,119403 0,757463 0,145522 0,514925 0,171642 0,272388 0,197761 0,029851 0,223880 0,022388 0,417910 0,014925 0,611940 0,000000 1,000000
0,012500 1,000000 0,006250 0,581250 0,000000 0,162500 0,250000 0,162500 0,500000 0,162500 0,750000 0,162500 1,000000 0,162500 0,978125 0,371875 0,956250 0,581250 0,912500 1,000000
0,126984 0,539682 0,158730 0,269841 0,190476 0,000000 0,392857 0,000000 0,595238 0,000000 1,000000 0,000000 0,996032 0,250000 0,992063 0,500000 0,988095 0,750000 0,984127 1,000000
0,000000 0,959459 0,000000 0,560811 0,000000 0,162162 0,250000 0,141892 0,500000 0,121622 0,750000 0,101351 1,000000 0,081081 0,979730 0,310811 0,959459 0,540541 0,918919 1,000000
0,000000 0,873240 0,000000 0,577465 0,000000 0,281690 0,250000 0,260564 0,500000 0,239437 0,750000 0,218310 1,000000 0,197183 1,000000 0,598592 1,000000 0,799296 1,000000 1,000000
0,923810 1,000000 0,942857 0,873810 0,961905 0,747619 1,000000 0,495238 0,757143 0,497619 0,514286 0,500000 0,271429 0,502381 0,028572 0,504762 0,014286 0,733334 0,000000 0,961905
0,092592 0,814814 0,129630 0,407407 0,166667 0,000000 0,375000 0,000000 0,583333 0,000000 1,000000 0,000000 0,972222 0,250000 0,944444 0,500000 0,916667 0,750000 0,888889 1,000000
0,109589 0,835616 0,123288 0,417808 0,136987 0,000000 0,352740 0,010274 0,568493 0,020548 1,000000 0,041096 0,962329 0,280822 0,924658 0,520548 0,886987 0,760274 0,849315 1,000000
0,220588 1,000000 0,154412 0,558824 0,088236 0,117647 0,382353 0,044118 0,647059 0,022059 0,911765 0,000000 0,933824 0,227941 0,955882 0,455882 0,977941 0,683823 1,000000 0,911765
0,426229 0,967214 0,426229 0,737705 0,426229 0,508197 0,426229 0,049180 0,713115 0,024590 1,000000 0,000000 0,995902 0,250000 0,991803 0,500000 0,987705 0,750000 0,983607 1,000000
1,000000 0,989130 0,956522 0,706522 0,934783 0,565217 0,913044 0,423913 0,692935 0,432065 0,472826 0,440217 0,252717 0,448370 0,032609 0,456522 0,016304 0,728261 0,000000 1,000000
0,000000 0,757281 0,014563 0,388349 0,029126 0,019417 0,254854 0,033980 0,480582 0,048544 0,932039 0,077670 0,949029 0,308252 0,966019 0,538835 0,983010 0,769418 1,000000 1,000000
1,000000 0,857143 0,953782 0,613445 0,907563 0,369748 0,686975 0,388655 0,466387 0,407563 0,245798 0,426470 0,025210 0,445378 0,012605 0,722689 0,006303 0,861345 0,000000 1,000000
0,000000 1,000000 0,018657 0,768657 0,037313 0,537314 0,055970 0,305970 0,074627 0,074627 0,522388 0,067164 0,970149 0,059701 0,977612 0,283582 0,985075 0,507463 1,000000 0,955224
0,000000 0,793103 0,051724 0,396552 0,103449 0,000000 0,543104 0,034483 0,762931 0,051724 0,982759 0,068966 0,987069 0,301724 0,991379 0,534483 0,995690 0,767241 1,000000 1,000000
0,983871 0,959677 0,991936 0,721774 1,000000 0,483871 0,754032 0,479839 0,508065 0,475807 0,262097 0,471774 0,016129 0,467742 0,008064 0,733871 0,004032 0,866935 0,000000 1,000000
0,000000 0,962963 0,004630 0,680556 0,009259 0,398148 0,210648 0,377315 0,412037 0,356482 0,613426 0,335648 0,814815 0,314815 0,861111 0,486111 0,907407 0,657407 1,000000 1,000000
1,000000 1,000000 0,981132 0,790094 0,962264 0,580189 0,924528 0,160378 0,705189 0,155661 0,485849 0,150944 0,266509 0,146227 0,047170 0,141510 0,023585 0,514151 0,000000 0,886793
0,123596 1,000000 0,061798 0,601124 0,000000 0,202248 0,432584 0,112360 0,648876 0,067416 0,865169 0,022472 0,898876 0,247191 0,932584 0,471910 0,966292 0,696629 1,000000 0,921348
0,364865 1,000000 0,375000 0,750000 0,385135 0,500000 0,395270 0,250000 0,405405 0,000000 0,702703 0,047297 1,000000 0,094594 0,989865 0,263513 0,979730 0,432432 0,959459 0,770270
0,375000 1,000000 0,361111 0,750000 0,347222 0,500000 0,333333 0,250000 0,319444 0,000000 0,489583 0,000000 0,659722 0,000000 1,000000 0,000000 0,986111 0,208333 0,972222 0,416667
0,367347 0,836735 0,352041 0,630102 0,336735 0,423470 0,306122 0,010204 0,602041 0,005102 0,897959 0,000000 0,923469 0,250000 0,948980 0,500000 0,974490 0,750000 1,000000 1,000000
0,483871 0,935484 0,483871 0,701613 0,483871 0,467742 0,483871 0,000000 0,741936 0,024194 1,000000 0,048387 0,987903 0,286290 0,975806 0,524194 0,963710 0,762097 0,951613 1,000000
0,278788 0,848485 0,292424 0,648485 0,306061 0,448485 0,333333 0,048485 0,666667 0,024243 1,000000 0,000000 0,983333 0,250000 0,966667 0,500000 0,950000 0,750000 0,933333 1,000000
0,456311 0,961165 0,466020 0,720874 0,475728 0,480583 0,495146 0,000000 0,747573 0,009709 1,000000 0,019418 0,985437 0,264563 0,970874 0,509709 0,956311 0,754854 0,941748 1,000000
1,000000 1,000000 0,983425 0,750000 0,966851 0,500000 0,950276 0,250000 0,933702 0,000000 0,607735 0,027624 0,281768 0,055249 0,265194 0,274862 0,248619 0,494475 0,215470 0,933702
0,180556 1,000000 0,208334 0,760417 0,236111 0,520833 0,263889 0,281250 0,291667 0,041667 0,458334 0,000000 0,701389 0,000000 0,944445 0,000000 0,972222 0,444444 1,000000 0,888889
0,166666 1,000000 0,194444 0,750000 0,222222 0,500000 0,250000 0,250000 0,277778 0,000000 0,638889 0,041667 1,000000 0,083333 1,000000 0,270834 1,000000 0,458334 1,000000 0,833334
0,111111 1,000000 0,138889 0,750000 0,166667 0,500000 0,194445 0,250000 0,222222 0,000000 0,611111 0,092592 0,805556 0,138888 1,000000 0,185185 1,000000 0,537037 1,000000 0,888889
0,342857 1,000000 0,342857 0,750000 0,342857 0,500000 0,342857 0,250000 0,342857 0,000000 0,671429 0,000000 1,000000 0,000000 0,978572 0,185714 0,957143 0,371428 0,914286 0,742857
0,129032 1,000000 0,129032 0,750000 0,129032 0,500000 0,129032 0,250000 0,129032 0,000000 0,564516 0,080645 0,782258 0,120967 1,000000 0,161290 1,000000 0,451613 1,000000 0,741936
0,090908 0,795454 0,107954 0,596591 0,125000 0,397727 0,159091 0,000000 0,477273 0,022727 0,795454 0,045454 0,846591 0,284091 0,897727 0,522727 0,948864 0,761364 1,000000 1,000000
0,219178 1,000000 0,229452 0,750000 0,239726 0,500000 0,250000 0,250000 0,260274 0,000000 0,630137 0,006849 1,000000 0,013698 0,969178 0,246575 0,938356 0,479452 0,876712 0,945205
0,052174 1,000000 0,039131 0,782609 0,026087 0,565217 0,000000 0,130435 0,232609 0,130435 0,465217 0,130435 0,697826 0,130435 0,930435 0,130435 0,965217 0,426087 1,000000 0,721739
0,951807 0,843374 0,975904 0,451807 1,000000 0,060241 0,756024 0,096386 0,512048 0,132530 0,268072 0,168675 0,024096 0,204819 0,018072 0,403614 0,012048 0,602410 0,000000 1,000000
0,540541 1,000000 0,529279 0,750000 0,518018 0,500000 0,506757 0,250000 0,495496 0,000000 0,747748 0,000000 1,000000 0,000000 0,986487 0,130631 0,972973 0,261261 0,945946 0,522523
0,356436 0,752475 0,368812 0,564356 0,381188 0,376238 0,405941 0,000000 0,702970 0,029703 1,000000 0,059406 0,990099 0,294555 0,980198 0,529703 0,970297 0,764852 0,960396 1,000000
0,216216 1,000000 0,216216 0,760135 0,216216 0,520270 0,216216 0,280405 0,216216 0,040540 0,412162 0,030405 0,608108 0,020270 1,000000 0,000000 0,932432 0,327703 0,864865 0,655405
0,150000 0,880000 0,175000 0,485000 0,200000 0,090000 0,400000 0,067500 0,600000 0,045000 1,000000 0,000000 0,992500 0,250000 0,985000 0,500000 0,977500 0,750000 0,970000 1,000000
1,000000 1,000000 0,984195 0,853448 0,968391 0,706896 0,936782 0,413793 0,702586 0,435345 0,468391 0,456897 0,234195 0,478448 0,000000 0,500000 0,008621 0,715517 0,017241 0,931034
0,000000 0,909091 0,041322 0,471074 0,061983 0,252066 0,082645 0,033058 0,483471 0,041322 0,884297 0,049587 0,913223 0,287190 0,942149 0,524793 0,971074 0,762397 1,000000 1,000000
0,937500 0,741071 0,968750 0,441964 1,000000 0,142857 0,767857 0,171875 0,535714 0,200893 0,303572 0,229911 0,071429 0,258929 0,035714 0,629464 0,017857 0,814732 0,000000 1,000000
0,047059 1,000000 0,035294 0,761765 0,023529 0,523530 0,000000 0,047059 0,250000 0,035294 0,500000 0,023529 0,750000 0,011765 1,000000 0,000000 1,000000 0,447059 1,000000 0,894118
1,000000 0,639535 0,947674 0,319767 0,895349 0,000000 0,633721 0,034884 0,372093 0,069767 0,197675 0,151163 0,023256 0,232558 0,017442 0,424418 0,011628 0,616279 0,000000 1,000000
1,000000 1,000000 0,987624 0,809406 0,975247 0,618812 0,950495 0,237624 0,727723 0,274753 0,504951 0,311882 0,282178 0,349010 0,059406 0,386139 0,029703 0,618812 0,000000 0,851485
0,000000 0,736842 0,035088 0,543860 0,070175 0,350877 0,236842 0,166667 0,418860 0,269737 0,600877 0,372807 0,782895 0,475877 0,964912 0,578947 0,982456 0,789474 1,000000 1,000000
0,000000 1,000000 0,004951 0,737624 0,009901 0,475248 0,143564 0,297030 0,277228 0,118812 0,435644 0,146040 0,594059 0,173268 0,910891 0,227723 0,955446 0,410891 1,000000 0,594060
1,000000 1,000000 1,000000 0,752252 1,000000 0,504505 0,860360 0,355856 0,720721 0,207207 0,477477 0,274775 0,234234 0,342342 0,175676 0,488739 0,117117 0,635135 0,000000 0,927928
0,000000 1,000000 0,038461 0,863636 0,076923 0,727273 0,115385 0,590909 0,153846 0,454545 0,370629 0,272727 0,629371 0,381119 0,888112 0,489510 0,944056 0,622377 1,000000 0,755245
0,444445 1,000000 0,511111 0,750000 0,544444 0,625000 0,577778 0,500000 0,644444 0,250000 0,711111 0,000000 0,783333 0,163889 0,855555 0,327778 0,927778 0,491667 1,000000 0,655556
0,000000 1,000000 0,039855 0,804348 0,079710 0,608696 0,184783 0,489131 0,289855 0,369565 0,532609 0,409420 0,775362 0,449275 0,920290 0,586956 0,960145 0,724638 1,000000 0,862319
1,000000 0,823530 0,899160 0,621849 0,798319 0,420168 0,672269 0,361345 0,546219 0,302521 0,399160 0,424370 0,252101 0,546219 0,126050 0,773109 0,063025 0,886555 0,000000 1,000000
0,000000 0,627586 0,051724 0,472414 0,103448 0,317242 0,303448 0,206897 0,468966 0,298276 0,634483 0,389655 0,800000 0,481035 0,965517 0,572414 0,982759 0,786207 1,000000 1,000000
0,000000 0,943925 0,051402 0,808411 0,102804 0,672897 0,154206 0,537383 0,205608 0,401869 0,467290 0,308411 0,691589 0,457944 0,915888 0,607477 0,957944 0,803738 1,000000 1,000000
1,000000 0,748300 0,965986 0,551021 0,931973 0,353742 0,687075 0,329932 0,442177 0,306123 0,268708 0,387755 0,095238 0,469388 0,071429 0,602041 0,047619 0,734694 0,000000 1,000000
0,000000 0,947369 0,046992 0,842105 0,093985 0,736842 0,187970 0,526316 0,330827 0,466166 0,468045 0,554511 0,605263 0,642857 0,742481 0,731203 0,879699 0,819549 1,000000 1,000000
0,055046 1,000000 0,027523 0,688074 0,000000 0,376147 0,114679 0,188073 0,229358 0,000000 0,408257 0,059633 0,587156 0,119266 0,793578 0,371560 0,896789 0,497706 1,000000 0,623853
0,000000 1,000000 0,085366 0,750000 0,170732 0,500000 0,256097 0,250000 0,341463 0,000000 0,506097 0,250000 0,588415 0,375000 0,670732 0,500000 0,835366 0,750000 1,000000 1,000000
0,014493 1,000000 0,007246 0,710145 0,000000 0,420290 0,083333 0,293478 0,166667 0,166666 0,442029 0,224638 0,717391 0,282609 0,898551 0,463768 0,949275 0,608696 1,000000 0,753623
1,000000 0,923529 0,958824 0,676471 0,917647 0,429412 0,794118 0,317647 0,626471 0,294118 0,458824 0,270588 0,300000 0,323529 0,094118 0,547059 0,000000 0,735294 0,035294 1,000000
0,000000 0,956790 0,098765 0,700617 0,197531 0,444444 0,283951 0,351852 0,456790 0,345679 0,591049 0,390432 0,725309 0,435185 0,993827 0,524691 0,996914 0,762346 1,000000 1,000000
1,000000 0,372549 0,947712 0,130719 0,732026 0,000000 0,562092 0,006536 0,447713 0,088235 0,333333 0,169935 0,287582 0,385621 0,241830 0,601307 0,254902 0,800654 0,267974 1,000000
0,000000 0,983334 0,041667 0,695834 0,083333 0,408334 0,250000 0,141667 0,408333 0,247917 0,566667 0,354167 0,725000 0,460417 0,883333 0,566667 0,941667 0,783333 1,000000 1,000000
1,000000 0,503817 0,916031 0,316794 0,832061 0,129771 0,690840 0,124046 0,549618 0,118321 0,267176 0,106870 0,200382 0,330153 0,133588 0,553435 0,066794 0,776718 0,000000 1,000000
0,024390 0,707317 0,097561 0,542683 0,170732 0,378049 0,243903 0,213415 0,317073 0,048781 0,560976 0,000000 0,756098 0,286585 0,951219 0,573171 0,975610 0,786586 1,000000 1,000000
0,000000 0,905325 0,008876 0,718935 0,017752 0,532544 0,153846 0,349112 0,334320 0,389053 0,514793 0,428994 0,695266 0,468935 0,875740 0,508876 1,000000 0,804734 0,982249 1,000000
0,051724 1,000000 0,060345 0,706897 0,068965 0,413793 0,189655 0,206897 0,310345 0,000000 0,646552 0,077586 0,788793 0,193965 0,931035 0,310345 0,965517 0,620690 1,000000 0,931035
0,000000 0,666667 0,075758 0,474747 0,151515 0,282828 0,358586 0,297980 0,565657 0,313131 0,732323 0,429293 0,898990 0,545454 0,924242 0,659091 0,949495 0,772727 1,000000 1,000000
0,255814 0,895349 0,290698 0,729651 0,325582 0,563954 0,360465 0,398256 0,395349 0,232558 0,639535 0,000000 0,790698 0,238372 0,941860 0,476744 0,970930 0,738372 1,000000 1,000000
0,000000 0,915789 0,055263 0,757895 0,110526 0,600000 0,165790 0,442105 0,221053 0,284210 0,442105 0,147368 0,581579 0,360526 0,721053 0,573684 0,860526 0,786842 1,000000 1,000000
0,000000 1,000000 0,007212 0,867788 0,014423 0,735577 0,028846 0,471154 0,139423 0,259615 0,250000 0,048077 0,480769 0,115384 0,711539 0,182692 0,855769 0,355769 1,000000 0,528846
0,205128 0,905983 0,170940 0,576923 0,136752 0,247863 0,230769 0,025641 0,410257 0,000000 0,547009 0,098291 0,683761 0,196581 0,957265 0,393163 0,978633 0,696581 1,000000 1,000000
0,000000 0,909091 0,064394 0,696970 0,128788 0,484848 0,325758 0,318182 0,456439 0,405303 0,587121 0,492424 0,717803 0,579545 0,848485 0,666667 0,924242 0,833333 1,000000 1,000000
0,000000 0,886179 0,060976 0,617886 0,121951 0,349594 0,219512 0,186992 0,349594 0,178862 0,475610 0,262195 0,601626 0,345529 0,853659 0,512195 0,926829 0,756098 1,000000 1,000000
0,000000 1,000000 0,030303 0,752525 0,060606 0,505051 0,090909 0,257576 0,121212 0,010101 0,515152 0,020202 0,752525 0,161616 0,989899 0,303030 0,994950 0,606061 1,000000 0,909091
0,000000 1,000000 0,047414 0,693966 0,094828 0,387931 0,189655 0,254310 0,284483 0,120689 0,500000 0,241379 0,715517 0,362069 0,786638 0,504310 0,857759 0,646552 1,000000 0,931034
0,000000 1,000000 0,029412 0,715686 0,058824 0,431373 0,161765 0,250000 0,264706 0,068627 0,436274 0,205882 0,607843 0,343137 0,779412 0,480392 0,950980 0,617647 1,000000 0,813726
0,000000 1,000000 0,054124 0,778351 0,108247 0,556701 0,162371 0,335052 0,216495 0,113402 0,353093 0,201031 0,489691 0,288660 0,762887 0,463918 0,881443 0,701031 1,000000 0,938144
1,000000 0,913386 0,972441 0,653543 0,944882 0,393701 0,779528 0,251969 0,582677 0,244094 0,472441 0,326772 0,362205 0,409449 0,141732 0,574803 0,070866 0,787402 0,000000 1,000000
0,000000 1,000000 0,034836 0,856557 0,069672 0,713115 0,104508 0,569672 0,139344 0,426230 0,368853 0,262295 0,594262 0,340164 0,819672 0,418033 0,909836 0,668033 1,000000 0,918033
0,971831 1,000000 0,985916 0,690141 1,000000 0,380282 0,859155 0,176056 0,728873 0,265845 0,598592 0,355634 0,468310 0,445422 0,338028 0,535211 0,169014 0,764085 0,000000 0,992958
0,000000 1,000000 0,014184 0,787234 0,028369 0,574468 0,109929 0,390071 0,191489 0,205674 0,368794 0,296099 0,546099 0,386525 0,723404 0,476950 0,900709 0,567376 1,000000 0,836879
1,000000 1,000000 0,979839 0,721774 0,959677 0,443548 0,834677 0,221774 0,709677 0,000000 0,540323 0,149194 0,370968 0,298387 0,217742 0,612903 0,141129 0,770161 0,064516 0,927419
0,000000 0,972477 0,038991 0,823395 0,077982 0,674312 0,155963 0,376147 0,325688 0,316514 0,495413 0,256881 0,697248 0,389908 0,899083 0,522936 0,949541 0,761468 1,000000 1,000000
0,983051 0,805085 0,991525 0,559322 1,000000 0,313559 0,699153 0,262712 0,398305 0,211865 0,144068 0,364407 0,108051 0,523305 0,072034 0,682203 0,036017 0,841102 0,000000 1,000000
0,066038 1,000000 0,101415 0,750000 0,136793 0,500000 0,172170 0,250000 0,207547 0,000000 0,379717 0,115566 0,551887 0,231132 0,896226 0,462264 0,948113 0,693396 1,000000 0,924528
1,000000 0,732283 0,984252 0,527559 0,968504 0,322834 0,732284 0,279527 0,496063 0,236220 0,381890 0,375984 0,267717 0,515748 0,153543 0,655512 0,039370 0,795276 0,000000 1,000000
0,000000 1,000000 0,053419 0,816239 0,106838 0,632479 0,160256 0,448718 0,213675 0,264957 0,547009 0,376068 0,713675 0,431624 0,880342 0,487179 0,940171 0,717949 1,000000 0,948718
0,972727 1,000000 0,979545 0,872727 0,986364 0,745455 1,000000 0,490909 0,765909 0,477273 0,531818 0,463636 0,297727 0,450000 0,063636 0,436364 0,031818 0,627273 0,000000 0,818182
0,216216 1,000000 0,222973 0,567568 0,229729 0,135135 0,445946 0,067567 0,662162 0,000000 1,000000 0,000000 1,000000 0,243243 1,000000 0,486486 1,000000 0,729730 1,000000 0,972973
0,000000 0,991803 0,002049 0,758197 0,004098 0,524590 0,006148 0,290984 0,008197 0,057377 0,262295 0,188525 0,618853 0,176229 0,975410 0,163934 0,987705 0,581967 1,000000 1,000000
0,935780 0,889908 0,967890 0,509174 1,000000 0,128440 0,926605 0,018348 0,642202 0,000000 0,678899 0,174312 0,399083 0,183486 0,119266 0,192661 0,077982 0,596330 0,036697 1,000000
0,093458 1,000000 0,121495 0,271028 0,000000 0,224299 0,000000 0,383178 0,121495 0,280374 0,546729 0,271028 0,971963 0,261682 1,000000 0,149533 0,841121 0,242991 0,794393 1,000000
0,310680 1,000000 0,393204 0,582524 0,475728 0,165049 0,135922 0,038835 0,000000 0,213592 0,441748 0,233010 0,883495 0,252427 1,000000 0,466019 0,970874 0,718447 0,941747 0,970874
0,045045 0,927928 0,022523 0,594595 0,000000 0,261261 0,250000 0,256757 0,500000 0,252252 0,750000 0,247748 1,000000 0,243243 0,896396 0,621622 0,844595 0,810811 0,792793 1,000000
0,079546 0,965909 0,099432 0,735795 0,119318 0,505682 0,159091 0,045455 0,579546 0,022727 1,000000 0,000000 0,977273 0,250000 0,954546 0,500000 0,931818 0,750000 0,909091 1,000000
0,000000 0,851852 0,000000 0,530864 0,000000 0,209877 0,250000 0,228395 0,500000 0,246914 0,750000 0,265432 1,000000 0,283950 0,962963 0,462963 0,925926 0,641975 0,851852 1,000000
0,834951 1,000000 0,917476 0,606796 1,000000 0,213592 0,815534 0,106796 0,631068 0,000000 0,485437 0,058252 0,415049 0,279126 0,344660 0,500000 0,274272 0,720874 0,203884 0,941748
0,009091 1,000000 0,004545 0,777273 0,000000 0,554546 0,122727 0,331818 0,245455 0,109091 0,427273 0,113637 0,609091 0,118182 0,972727 0,127273 0,986364 0,472727 1,000000 0,818182
1,000000 0,666667 0,972222 0,394444 0,944445 0,122222 0,733333 0,022222 0,583333 0,113889 0,433333 0,205556 0,283333 0,297222 0,133333 0,388889 0,066667 0,694445 0,000000 1,000000
0,228346 1,000000 0,234252 0,750000 0,240157 0,500000 0,246063 0,250000 0,251968 0,000000 0,625984 0,047244 1,000000 0,094488 0,940945 0,503937 0,911417 0,708661 0,881890 0,913386
0,820000 0,860000 0,910000 0,430000 0,955000 0,215000 1,000000 0,000000 0,785000 0,047500 0,570000 0,095000 0,355000 0,142500 0,140000 0,190000 0,090000 0,595000 0,040000 1,000000